
24
AE12	0.0000000000	0.2276457483	0.2304467873	0.2184495191	0.2424158118	0.2479470155	0.2461465042	0.2498266135	0.2398781922	0.2392041449	0.2408425074	0.2438570728	0.2414528347	0.2426859052	0.2407056088	0.2487706563	0.2565196953	0.2520143543	0.2534222051	0.2631807854	0.2460714410	0.2471042746	0.2449620772	0.2506429951
AE61	0.2276457483	0.0000000000	0.2141653876	0.2198954681	0.2315095425	0.2471944181	0.2414984245	0.2438146124	0.2242908778	0.2272046667	0.2224772065	0.2329578899	0.2295795967	0.2295347963	0.2357356498	0.2339686984	0.2547669457	0.2508920591	0.2423595308	0.2405497961	0.2350366429	0.2398255290	0.2395414280	0.2402488350
AE10	0.2304467873	0.2141653876	0.0000000000	0.2194592007	0.2273799599	0.2387935759	0.2376672533	0.2442518003	0.2248057391	0.2231828420	0.2227695652	0.2330383306	0.2319928262	0.2253344667	0.2270722823	0.2298746502	0.2474539212	0.2496190889	0.2386720633	0.2427636968	0.2354806600	0.2335756146	0.2345141338	0.2429787759
AE08	0.2184495191	0.2198954681	0.2194592007	0.0000000000	0.2415781039	0.2478202537	0.2483854714	0.2492655963	0.2416861717	0.2407112872	0.2368584965	0.2491349496	0.2457973309	0.2377216248	0.2444679760	0.2491551468	0.2567242571	0.2548173480	0.2506523542	0.2540943994	0.2469390082	0.2471996649	0.2443010987	0.2472746176
Cae06	0.2424158118	0.2315095425	0.2273799599	0.2415781039	0.0000000000	0.2264507331	0.2260531347	0.2243309189	0.2205597791	0.2210293350	0.2179943320	0.2283674469	0.2209736523	0.2151494951	0.2167988952	0.2194281270	0.2560818556	0.2523745905	0.2413475676	0.2592919047	0.2332980164	0.2257068854	0.2289660407	0.2219974430
Cae01	0.2479470155	0.2471944181	0.2387935759	0.2478202537	0.2264507331	0.0000000000	0.2323556203	0.2381833703	0.2286673945	0.2282921344	0.2231535992	0.2406567410	0.2380322965	0.2284095213	0.2306065617	0.2353712825	0.2563629251	0.2553839123	0.2502469047	0.2629292800	0.2375053092	0.2261988332	0.2361399401	0.2353227618
Cae42	0.2461465042	0.2414984245	0.2376672533	0.2483854714	0.2260531347	0.2323556203	0.0000000000	0.2300368615	0.2273883413	0.2309174085	0.2230165357	0.2376047292	0.2328452384	0.2251033372	0.2264150355	0.2249095755	0.2576599932	0.2593744410	0.2454886098	0.2555383532	0.2387700625	0.2310526269	0.2350280985	0.2299023443
Cae45	0.2498266135	0.2438146124	0.2442518003	0.2492655963	0.2243309189	0.2381833703	0.2300368615	0.0000000000	0.2301590957	0.2296106315	0.2251896655	0.2356911653	0.2340046667	0.2270241287	0.2265330004	0.2349812631	0.2597581034	0.2568606912	0.2549685260	0.2602915952	0.2304220315	0.2365829994	0.2324559268	0.2304175043
B99	0.2398781922	0.2242908778	0.2248057391	0.2416861717	0.2205597791	0.2286673945	0.2273883413	0.2301590957	0.0000000000	0.2007805086	0.2018390707	0.2062995673	0.1976874425	0.2129910963	0.2177196962	0.2193583270	0.2480799914	0.2467722951	0.2323367940	0.2464440222	0.2320437408	0.2263966677	0.2294905098	0.2299155364
B35	0.2392041449	0.2272046667	0.2231828420	0.2407112872	0.2210293350	0.2282921344	0.2309174085	0.2296106315	0.2007805086	0.0000000000	0.1999320421	0.1954650090	0.1941339112	0.2170564938	0.2229088118	0.2186551478	0.2454157146	0.2432064349	0.2341225522	0.2469803896	0.2293796531	0.2273293067	0.2289576860	0.2247237709
B42	0.2408425074	0.2224772065	0.2227695652	0.2368584965	0.2179943320	0.2231535992	0.2230165357	0.2251896655	0.2018390707	0.1999320421	0.0000000000	0.2159493635	0.1983642046	0.2106624962	0.2155862269	0.2159383343	0.2447357144	0.2438822397	0.2338518727	0.2392836159	0.2238359322	0.2226473429	0.2255165644	0.2246342795
B62	0.2438570728	0.2329578899	0.2330383306	0.2491349496	0.2283674469	0.2406567410	0.2376047292	0.2356911653	0.2062995673	0.1954650090	0.2159493635	0.0000000000	0.2060183959	0.2261833549	0.2301975980	0.2303398267	0.2526085672	0.2524470578	0.2403163922	0.2534011683	0.2390982877	0.2369441821	0.2376588078	0.2387038023
B33	0.2414528347	0.2295795967	0.2319928262	0.2457973309	0.2209736523	0.2380322965	0.2328452384	0.2340046667	0.1976874425	0.1941339112	0.1983642046	0.2060183959	0.0000000000	0.2201266738	0.2220570651	0.2264336253	0.2536112541	0.2505270019	0.2374753417	0.2539105498	0.2338956871	0.2308043175	0.2277733527	0.2321382711
B64	0.2426859052	0.2295347963	0.2253344667	0.2377216248	0.2151494951	0.2284095213	0.2251033372	0.2270241287	0.2129910963	0.2170564938	0.2106624962	0.2261833549	0.2201266738	0.0000000000	0.2163944175	0.2182019000	0.2441011880	0.2444986014	0.2400723671	0.2470623369	0.2259835907	0.2269316533	0.2312287585	0.2201391929
B73	0.2407056088	0.2357356498	0.2270722823	0.2444679760	0.2167988952	0.2306065617	0.2264150355	0.2265330004	0.2177196962	0.2229088118	0.2155862269	0.2301975980	0.2220570651	0.2163944175	0.0000000000	0.2039173826	0.2526302136	0.2468931743	0.2415800822	0.2506466352	0.2331511811	0.2268389449	0.2253636217	0.2322876324
B29	0.2487706563	0.2339686984	0.2298746502	0.2491551468	0.2194281270	0.2353712825	0.2249095755	0.2349812631	0.2193583270	0.2186551478	0.2159383343	0.2303398267	0.2264336253	0.2182019000	0.2039173826	0.0000000000	0.2529555699	0.2510234232	0.2385438306	0.2505676693	0.2322172344	0.2332771392	0.2372074612	0.2271781759
AG27	0.2565196953	0.2547669457	0.2474539212	0.2567242571	0.2560818556	0.2563629251	0.2576599932	0.2597581034	0.2480799914	0.2454157146	0.2447357144	0.2526085672	0.2536112541	0.2441011880	0.2526302136	0.2529555699	0.0000000000	0.2449737732	0.2314661110	0.2260187446	0.2555133232	0.2596009889	0.2575571268	0.2581624682
AG44	0.2520143543	0.2508920591	0.2496190889	0.2548173480	0.2523745905	0.2553839123	0.2593744410	0.2568606912	0.2467722951	0.2432064349	0.2438822397	0.2524470578	0.2505270019	0.2444986014	0.2468931743	0.2510234232	0.2449737732	0.0000000000	0.2397412109	0.2471095489	0.2520258165	0.2528552456	0.2525449830	0.2589171757
AG09	0.2534222051	0.2423595308	0.2386720633	0.2506523542	0.2413475676	0.2502469047	0.2454886098	0.2549685260	0.2323367940	0.2341225522	0.2338518727	0.2403163922	0.2374753417	0.2400723671	0.2415800822	0.2385438306	0.2314661110	0.2397412109	0.0000000000	0.2176807825	0.2509232401	0.2485293291	0.2505153161	0.2529641401
AG57	0.2631807854	0.2405497961	0.2427636968	0.2540943994	0.2592919047	0.2629292800	0.2555383532	0.2602915952	0.2464440222	0.2469803896	0.2392836159	0.2534011683	0.2539105498	0.2470623369	0.2506466352	0.2505676693	0.2260187446	0.2471095489	0.2176807825	0.0000000000	0.2547338990	0.2577283069	0.2545715354	0.2608498203
Cag05	0.2460714410	0.2350366429	0.2354806600	0.2469390082	0.2332980164	0.2375053092	0.2387700625	0.2304220315	0.2320437408	0.2293796531	0.2238359322	0.2390982877	0.2338956871	0.2259835907	0.2331511811	0.2322172344	0.2555133232	0.2520258165	0.2509232401	0.2547338990	0.0000000000	0.2278803934	0.2302824976	0.2331180470
Cag09	0.2471042746	0.2398255290	0.2335756146	0.2471996649	0.2257068854	0.2261988332	0.2310526269	0.2365829994	0.2263966677	0.2273293067	0.2226473429	0.2369441821	0.2308043175	0.2269316533	0.2268389449	0.2332771392	0.2596009889	0.2528552456	0.2485293291	0.2577283069	0.2278803934	0.0000000000	0.2328526595	0.2299604093
Cag34	0.2449620772	0.2395414280	0.2345141338	0.2443010987	0.2289660407	0.2361399401	0.2350280985	0.2324559268	0.2294905098	0.2289576860	0.2255165644	0.2376588078	0.2277733527	0.2312287585	0.2253636217	0.2372074612	0.2575571268	0.2525449830	0.2505153161	0.2545715354	0.2302824976	0.2328526595	0.0000000000	0.2376078330
Cag32	0.2506429951	0.2402488350	0.2429787759	0.2472746176	0.2219974430	0.2353227618	0.2299023443	0.2304175043	0.2299155364	0.2247237709	0.2246342795	0.2387038023	0.2321382711	0.2201391929	0.2322876324	0.2271781759	0.2581624682	0.2589171757	0.2529641401	0.2608498203	0.2331180470	0.2299604093	0.2376078330	0.0000000000
